Global Time =     0.0000
 SlNumber, TOF(day), StartWellName, StartBlockNumber, X, Y, Z, EndWellName, EndB
 lockNumber, X, Y, Z, Flux
         1      13894.94       INJ1       13550      170.6880      331.2160        3.0482       PROD3        923        0.8955      658.3680       14.3640    1.8112E-05
         2       3889.27       INJ1       13550      170.6880      333.2480        2.8152       PROD3        922        2.4357      658.3680        9.8815    1.8112E-05
         3       3638.56       INJ1       13550      170.6880      335.2800        2.8728       PROD3        922        5.4000      658.3680       10.6624    1.8112E-05
         4       3737.56       INJ1       13550      170.6880      337.3120        3.0460       PROD3        922        5.2406      658.3680       12.1693    1.8112E-05
         5      16321.65       INJ1       13550      170.6880      339.3440        0.3378       PROD3        919       12.1920      661.1674        2.3999    1.8112E-05
         6       4439.36       INJ1       13550      182.8800      331.2160        1.4788       PROD2      27117      361.8560       12.1920        5.5485    2.1142E-05
         7       6696.54       INJ1       13550      182.8800      333.2480        3.0297       PROD4      28042      365.6540      658.3680       26.5117    2.1142E-05
         8       4082.71       INJ1       13550      182.8800      335.2800        0.7743       PROD4      28037      364.9148      658.3680        9.9930    2.1142E-05
         9       3025.05       INJ1       13550      182.8800      337.3120        1.8668       PROD4      28039      363.6336      658.3680       15.6112    2.1142E-05
        10       3518.35       INJ1       13550      182.8800      339.3440        1.5300       PROD4      28037      360.8029      658.3680       10.1307    2.1142E-05
        11       3870.59       INJ1       13550      172.7200      329.1840        2.9412       PROD1          5        5.1440       12.1920       14.4503    1.3011E-05
        12       4597.78       INJ1       13550      174.7520      329.1840        1.1780       PROD1          1       12.1920       10.7533        2.5105    1.3011E-05
        13       7778.00       INJ1       13550      176.7840      329.1840        2.2260       PROD1          3       12.1920        2.1129        8.1129    1.3011E-05
        14      17537.33       INJ1       13550      178.8160      329.1840        1.0216       PROD2      27125      353.5680        0.0153       27.7093    1.3011E-05
        15       2489.61       INJ1       13550      180.8480      329.1840        2.7345       PROD2      27116      353.5680        5.7468        1.6261    1.3011E-05
        16       8912.42       INJ1       13550      172.7200      341.3760        2.4274       PROD4      28038      353.5680      669.7580       12.3746    3.2360E-05
        17       8055.62       INJ1       13550      174.7520      341.3760        0.3032       PROD4      28035      353.5680      666.5733        5.2123    3.2360E-05
        18       2398.00       INJ1       13550      176.7840      341.3760        2.5936       PROD4      28038      353.5680      661.4985       15.1123    3.2360E-05
        19      14452.98       INJ1       13550      178.8160      341.3760        0.8396       PROD4      28036      353.5680      659.0866        6.5339    3.2360E-05
        20       5208.24       INJ1       13550      180.8480      341.3760        2.1552       PROD4      28037      355.3598      658.3680        9.6327    3.2360E-05
        21       6112.49       INJ1       13551      170.6880      331.2160        5.7278       PROD3        928        4.1269      658.3680       30.3479    6.4372E-05
        22       3483.47       INJ1       13551      170.6880      333.2480        5.3189       PROD3        927        9.5308      658.3680       25.9342    6.4372E-05
        23       2086.49       INJ1       13551      170.6880      335.2800        4.0345       PROD3        927       12.1920      658.6104       27.2792    6.4372E-05
        24       3285.23       INJ1       13551      170.6880      337.3120        3.7208       PROD3        923        7.2790      658.3680       12.2633    6.4372E-05
        25       2876.38       INJ1       13551      170.6880      339.3440        5.4048       PROD3        924       12.1920      659.7720       16.6608    6.4372E-05
        26       4283.33       INJ1       13551      182.8800      331.2160        3.8549       PROD2      27123      364.4337       12.1920       21.7988    1.0131E-04
        27       3228.87       INJ1       13551      182.8800      333.2480        5.2568       PROD4      28042      363.9487      658.3680       26.4277    1.0131E-04
        28       5782.39       INJ1       13551      182.8800      335.2800        3.3125       PROD4      28039      364.3321      658.3680       17.6979    1.0131E-04
        29       1443.68       INJ1       13551      182.8800      337.3120        4.3990       PROD4      28041      364.6806      658.3680       23.1132    1.0131E-04
        30       2222.99       INJ1       13551      182.8800      339.3440        4.9893       PROD4      28042      355.5474      658.3680       26.0634    1.0131E-04
        31       3731.56       INJ1       13551      172.7200      329.1840        3.0979       PROD1          4        5.3887       12.1920        9.6603    6.3901E-05
        32       2514.37       INJ1       13551      174.7520      329.1840        5.0761       PROD1          7       12.1920        9.5403       19.7402    6.3901E-05
        33       2829.39       INJ1       13551      176.7840      329.1840        5.9166       PROD1          9       12.1920        5.5339       25.2176    6.3901E-05
        34       6912.39       INJ1       13551      178.8160      329.1840        4.5431       PROD2      27125      353.5680        0.7645       28.7789    6.3901E-05
        35       2496.96       INJ1       13551      180.8480      329.1840        3.0963       PROD2      27116      353.5680        5.3024        1.8022    6.3901E-05
        36       4221.56       INJ1       13551      172.2120      341.3760        5.3006       PROD4      28041      353.5680      670.4951       22.0905    1.0263E-04
        37       3709.54       INJ1       13551      173.7360      341.3760        4.1032       PROD4      28040      353.5680      668.9626       19.4537    1.0263E-04
        38       5129.40       INJ1       13551      175.2600      341.3760        3.1157       PROD4      28039      353.5680      665.3274       16.5086    1.0263E-04
        39       1186.42       INJ1       13551      176.7840      341.3760        4.2155       PROD4      28040      353.5680      660.8976       20.7748    1.0263E-04
        40       1027.60       INJ1       13551      178.3080      341.3760        4.7547       PROD4      28041      353.5680      663.8659       21.8362    1.0263E-04
        41       1085.29       INJ1       13551      179.8320      341.3760        4.5185       PROD4      28041      353.5680      661.1122       22.8335    1.0263E-04
        42       1627.74       INJ1       13551      181.3560      341.3760        5.8640       PROD4      28041      353.5680      658.9934       22.6332    1.0263E-04
        43       6057.72       INJ1       13552      170.6880      331.2160        6.1936       PROD3        930        3.5753      658.3680       33.7148    6.2265E-06
        44       5124.21       INJ1       13552      170.6880      333.2480        6.8362       PROD3        928        4.0257      658.3680       30.3442    6.2265E-06
        45       3793.86       INJ1       13552      170.6880      335.2800        8.2266       PROD3        927        1.9522      658.3680       27.1656    6.2265E-06
        46       5019.95       INJ1       13552      170.6880      337.3120        8.1252       PROD3        927        8.2017      658.3680       27.0337    6.2265E-06
        47       2145.71       INJ1       13552      170.6880      339.3440        8.7530       PROD3        929       12.1920      660.3757       33.3969    6.2265E-06
        48       3058.66       INJ1       13552      182.8800      331.2160        7.9755       PROD2      27119      355.5469       12.1920        9.9155    1.4664E-05
        49       3053.76       INJ1       13552      182.8800      333.2480        8.1811       PROD2      27126      365.5612       12.1920       32.1246    1.4664E-05
        50       8019.26       INJ1       13552      182.8800      335.2800        7.2357       PROD4      28043      365.6014      658.3680       28.5819    1.4664E-05
        51       2894.63       INJ1       13552      182.8800      337.3120        8.5554       PROD4      28046      365.0282      658.3680       36.6557    1.4664E-05
        52       2232.34       INJ1       13552      182.8800      339.3440        6.1050       PROD4      28044      363.9124      658.3680       33.1871    1.4664E-05
        53       3730.74       INJ1       13552      172.7200      329.1840        8.6380       PROD1          7       11.1819       12.1920       20.7979    1.3096E-05
        54       1992.69       INJ1       13552      174.7520      329.1840        7.2109       PROD1          8       12.1920        5.9473       22.2773    1.3096E-05
        55       3126.51       INJ1       13552      176.7840      329.1840        6.3258       PROD1          9       12.1920        5.8939       25.3795    1.3096E-05
        56       3989.56       INJ1       13552      178.8160      329.1840        6.7397       PROD2      27125      353.5680        2.0774       29.4848    1.3096E-05
        57       5095.64       INJ1       13552      180.8480      329.1840        8.3617       PROD2      27123      353.5680        2.1816       23.2891    1.3096E-05
        58       2562.63       INJ1       13552      172.7200      341.3760        7.1652       PROD3        928       12.1920      664.8891       27.4860    1.2312E-05
        59       2339.21       INJ1       13552      174.7520      341.3760        6.3703       PROD4      28042      353.5680      668.4068       25.1590    1.2312E-05
        60       2305.17       INJ1       13552      176.7840      341.3760        6.4225       PROD4      28041      353.5680      667.4721       23.7517    1.2312E-05
        61       2091.66       INJ1       13552      178.8160      341.3760        7.6683       PROD4      28042      353.5680      659.7957       25.1847    1.2312E-05
        62       2402.21       INJ1       13552      180.8480      341.3760        7.8886       PROD4      28042      353.5680      661.9671       24.4775    1.2312E-05
        63      19659.81       INJ1       13553      170.6880      331.2160       11.0726       PROD1          9        8.8209       12.1920       25.5985    7.8461E-06
        64      14644.15       INJ1       13553      170.6880      333.2480       10.3497       PROD1          9        4.9595       12.1920       25.9501    7.8461E-06
        65       3883.98       INJ1       13553      170.6880      335.2800       10.4174       PROD3        930        6.8907      658.3680       33.5752    7.8461E-06
        66       3206.49       INJ1       13553      170.6880      337.3120        9.4382       PROD3        928        4.2971      658.3680       28.2057    7.8461E-06
        67       1997.13       INJ1       13553      170.6880      339.3440        9.8528       PROD3        930       12.1920      659.1007       33.6815    7.8461E-06
        68       3572.60       INJ1       13553      182.8800      331.2160       12.0318       PROD2      27123      358.6019       12.1920       21.4409    1.7939E-05
        69       3113.82       INJ1       13553      182.8800      333.2480        9.3184       PROD2      27126      364.3619       12.1920       32.7987    1.7939E-05
        70       9059.96       INJ1       13553      182.8800      335.2800       10.1814       PROD2      27126      357.9096       12.1920       31.6292    1.7939E-05
        71       1822.89       INJ1       13553      182.8800      337.3120       12.1050       PROD4      28045      360.5277      658.3680       35.3601    1.7939E-05
        72       1609.18       INJ1       13553      182.8800      339.3440       12.0385       PROD4      28044      362.4176      658.3680       30.7734    1.7939E-05
        73       3638.48       INJ1       13553      172.7200      329.1840        9.7636       PROD1          9        1.8442       12.1920       24.5138    1.6073E-05
        74       2891.47       INJ1       13553      174.7520      329.1840       11.0266       PROD1          8       12.1920        8.4154       23.8226    1.6073E-05
        75       5882.03       INJ1       13553      176.7840      329.1840       10.6312       PROD1          9       12.1920        7.3300       25.2572    1.6073E-05
        76       5401.43       INJ1       13553      178.8160      329.1840       10.0992       PROD1          9       12.1920        3.6198       26.3302    1.6073E-05
        77       3260.79       INJ1       13553      180.8480      329.1840        9.5393       PROD2      27123      353.5680        0.3118       24.1702    1.6073E-05
        78       2056.71       INJ1       13553      172.7200      341.3760       11.7773       PROD3        928       12.1920      666.9528       30.1668    1.6977E-05
        79       2963.41       INJ1       13553      174.7520      341.3760       10.4565       PROD4      28044      353.5680      669.9561       32.6612    1.6977E-05
        80       2459.20       INJ1       13553      176.7840      341.3760       10.8851       PROD4      28041      353.5680      667.2791       23.1281    1.6977E-05
        81       2334.57       INJ1       13553      178.8160      341.3760        9.1589       PROD4      28042      353.5680      659.5209       25.2591    1.6977E-05
        82       1846.32       INJ1       13553      180.8480      341.3760       10.1330       PROD4      28042      353.5680      662.6079       27.2106    1.6977E-05
        83       5346.99       INJ1       13554      170.6880      331.2160       14.9106       PROD1          9        2.9170       12.1920       26.9453    8.0966E-06
        84      18433.52       INJ1       13554      170.6880      333.2480       14.5154       PROD1          9        3.9608       12.1920       25.9308    8.0966E-06
        85       4262.92       INJ1       13554      170.6880      335.2800       12.8720       PROD3        927        3.1330      658.3680       26.2593    8.0966E-06
        86       2744.87       INJ1       13554      170.6880      337.3120       15.1988       PROD3        929        5.3335      658.3680       32.8724    8.0966E-06
        87       2742.87       INJ1       13554      170.6880      339.3440       12.2999       PROD3        929        4.9955      658.3680       32.1375    8.0966E-06
        88       3201.35       INJ1       13554      182.8800      331.2160       12.7833       PROD2      27122      355.8319       12.1920       20.2410    2.0707E-05
        89       3120.72       INJ1       13554      182.8800      333.2480       12.4558       PROD2      27123      361.5098       12.1920       23.0559    2.0707E-05
        90       5863.39       INJ1       13554      182.8800      335.2800       13.7083       PROD2      27126      365.7343       12.1920       31.7989    2.0707E-05
        91       7821.55       INJ1       13554      182.8800      337.3120       14.3590       PROD4      28046      365.1497      658.3680       37.4296    2.0707E-05
        92       1598.56       INJ1       13554      182.8800      339.3440       12.3412       PROD4      28043      362.5410      658.3680       30.3313    2.0707E-05
        93       3227.85       INJ1       13554      172.7200      329.1840       12.7689       PROD1          9        4.6770       12.1920       24.8687    1.7095E-05
        94      35842.11       INJ1       13554      174.7520      329.1840       13.6984       PROD1          9       10.7188       12.1920       24.7613    1.7095E-05
        95       1872.80       INJ1       13554      176.7840      329.1840       12.8655       PROD2      27125      353.5680        8.1468       27.5413    1.7095E-05
        96       4043.18       INJ1       13554      178.8160      329.1840       13.3918       PROD2      27125      353.5680        2.0724       30.4094    1.7095E-05
        97       3714.89       INJ1       13554      180.8480      329.1840       13.3715       PROD2      27123      353.5680        9.3819       21.9619    1.7095E-05
        98       2237.16       INJ1       13554      172.7200      341.3760       13.1238       PROD3        929       12.1920      666.1153       30.5076    1.6055E-05
        99       2402.58       INJ1       13554      174.7520      341.3760       14.9085       PROD4      28042      353.5680      666.1782       25.2871    1.6055E-05
       100       2423.01       INJ1       13554      176.7840      341.3760       13.8260       PROD4      28045      353.5680      669.1058       34.8076    1.6055E-05
       101       2903.20       INJ1       13554      178.8160      341.3760       13.4796       PROD4      28042      353.5680      662.5040       24.8505    1.6055E-05
       102       5405.67       INJ1       13554      180.8480      341.3760       12.7771       PROD4      28041      355.2365      658.3680       24.0753    1.6055E-05
       103       6240.67       INJ1       13555      170.6880      331.2160       15.4936       PROD1          9        3.5984       12.1920       26.3758    5.2603E-06
       104       7351.64       INJ1       13555      170.6880      333.2480       16.9685       PROD1          9        6.5117       12.1920       25.9668    5.2603E-06
       105       4750.81       INJ1       13555      170.6880      335.2800       17.5585       PROD3        928        2.2237      658.3680       28.5164    5.2603E-06
       106       2787.12       INJ1       13555      170.6880      337.3120       15.2947       PROD3        929        5.1412      658.3680       32.6671    5.2603E-06
       107       3022.66       INJ1       13555      170.6880      339.3440       15.4710       PROD3        930       11.7785      658.3680       33.5911    5.2603E-06
       108       6000.50       INJ1       13555      182.8800      331.2160       16.2538       PROD2      27123      359.0745       12.1920       22.6263    1.3690E-05
       109       2522.46       INJ1       13555      182.8800      333.2480       17.2174       PROD2      27126      362.8138       12.1920       30.5721    1.3690E-05
       110       2530.02       INJ1       13555      182.8800      335.2800       15.4444       PROD2      27126      364.6008       12.1920       31.0850    1.3690E-05
       111       8391.21       INJ1       13555      182.8800      337.3120       15.4480       PROD2      27126      358.9867       12.1920       31.2549    1.3690E-05
       112       3539.24       INJ1       13555      182.8800      339.3440       15.4777       PROD4      28043      359.6761      658.3680       27.4576    1.3690E-05
       113      25651.61       INJ1       13555      172.7200      329.1840       16.1158       PROD1          9       12.1920        3.0948       26.0802    1.4406E-05
       114       6205.17       INJ1       13555      174.7520      329.1840       15.6971       PROD2      27125      353.5680       10.4580       28.8725    1.4406E-05
       115       1850.30       INJ1       13555      176.7840      329.1840       15.7955       PROD2      27125      353.5680       10.1289       30.4482    1.4406E-05
       116       3111.35       INJ1       13555      178.8160      329.1840       16.2765       PROD2      27123      353.5680       10.2396       22.8617    1.4406E-05
       117       3020.53       INJ1       13555      180.8480      329.1840       18.2009       PROD2      27123      357.7833       12.1920       23.8558    1.4406E-05
       118       2087.01       INJ1       13555      172.7200      341.3760       16.3255       PROD3        929       12.1920      665.0738       30.6028    5.3415E-06
       119       2754.16       INJ1       13555      174.7520      341.3760       15.9435       PROD4      28042      353.5680      666.3282       24.9953    5.3415E-06
       120       1998.38       INJ1       13555      176.7840      341.3760       16.7150       PROD4      28042      353.5680      666.7027       25.1730    5.3415E-06
       121       3048.59       INJ1       13555      178.8160      341.3760       16.6691       PROD4      28042      353.5680      665.1123       25.4998    5.3415E-06
       122       1887.55       INJ1       13555      180.8480      341.3760       16.4591       PROD4      28044      354.2209      658.3680       32.8430    5.3415E-06
       123       5364.46       INJ1       13556      170.6880      331.2160       20.2160       PROD1          9        1.4021       12.1920       25.8101    5.9433E-06
       124       6340.49       INJ1       13556      170.6880      333.2480       18.8271       PROD1          9        1.4642       12.1920       25.8357    5.9433E-06
       125       4262.60       INJ1       13556      170.6880      335.2800       18.6244       PROD3        930        1.3916      658.3680       33.6108    5.9433E-06
       126       3851.64       INJ1       13556      170.6880      337.3120       19.5995       PROD3        929        6.6812      658.3680       30.4955    5.9433E-06
       127       3159.65       INJ1       13556      170.6880      339.3440       20.5096       PROD3        929        4.2493      658.3680       32.5441    5.9433E-06
       128       2732.10       INJ1       13556      182.8800      331.2160       20.9713       PROD2      27125      363.2187       12.1920       29.3353    1.0158E-05
       129       2004.75       INJ1       13556      182.8800      333.2480       18.9905       PROD2      27125      357.8617       12.1920       28.8892    1.0158E-05
       130       5150.21       INJ1       13556      182.8800      335.2800       18.6427       PROD2      27125      365.1081       12.1920       28.0331    1.0158E-05
       131       1793.20       INJ1       13556      182.8800      337.3120       20.9209       PROD4      28044      361.4022      658.3680       32.2651    1.0158E-05
       132       1750.93       INJ1       13556      182.8800      339.3440       19.9219       PROD4      28044      362.0468      658.3680       31.6242    1.0158E-05
       133       5030.10       INJ1       13556      172.7200      329.1840       19.4929       PROD1          9        9.6596       12.1920       25.1901    1.1993E-05
       134       3502.87       INJ1       13556      174.7520      329.1840       18.6330       PROD2      27125      353.5680        7.5114       28.7032    1.1993E-05
       135       3053.58       INJ1       13556      176.7840      329.1840       19.6088       PROD2      27125      353.5680       10.3600       28.6876    1.1993E-05
       136       1844.19       INJ1       13556      178.8160      329.1840       21.2875       PROD2      27126      353.5680        9.0529       31.5636    1.1993E-05
       137       2215.31       INJ1       13556      180.8480      329.1840       19.4950       PROD2      27126      353.5680       11.1692       31.6439    1.1993E-05
       138       2330.96       INJ1       13556      172.7200      341.3760       18.6534       PROD3        929       12.1920      665.5862       30.9169    8.4914E-06
       139       2953.93       INJ1       13556      174.7520      341.3760       18.8841       PROD4      28045      353.5680      669.2515       35.4388    8.4914E-06
       140       2252.79       INJ1       13556      176.7840      341.3760       20.6977       PROD4      28043      353.5680      661.1427       29.7982    8.4914E-06
       141       1720.75       INJ1       13556      178.8160      341.3760       18.9905       PROD4      28043      354.4244      658.3680       29.1709    8.4914E-06
       142       2029.18       INJ1       13556      180.8480      341.3760       21.1569       PROD4      28041      355.2534      658.3680       22.9116    8.4914E-06
       143       3433.58       INJ1       13557      170.6880      331.2160       21.5396       PROD3        930        5.5357      658.3680       34.7847    3.9181E-06
       144       2626.88       INJ1       13557      170.6880      333.2480       23.4093       PROD3        928        8.5766      658.3680       29.6612    3.9181E-06
       145       2147.62       INJ1       13557      170.6880      335.2800       22.2283       PROD3        929        4.0411      658.3680       33.1723    3.9181E-06
       146       1628.46       INJ1       13557      170.6880      337.3120       22.7212       PROD3        930        8.5045      658.3680       33.8800    3.9181E-06
       147       1888.32       INJ1       13557      170.6880      339.3440       21.6485       PROD3        929        9.3555      658.3680       33.5108    3.9181E-06
       148       1407.58       INJ1       13557      182.8800      331.2160       23.0815       PROD2      27126      354.0439       12.1920       31.5049    2.0108E-05
       149       5450.69       INJ1       13557      182.8800      333.2480       22.9709       PROD2      27125      364.1840       12.1920       29.4055    2.0108E-05
       150       2776.29       INJ1       13557      182.8800      335.2800       21.9572       PROD2      27126      363.6365       12.1920       31.1702    2.0108E-05
       151       1838.65       INJ1       13557      182.8800      337.3120       21.4105       PROD4      28045      360.6399      658.3680       34.0190    2.0108E-05
       152       3776.68       INJ1       13557      182.8800      339.3440       23.9872       PROD4      28043      361.3866      658.3680       29.7925    2.0108E-05
       153       2527.35       INJ1       13557      172.7200      329.1840       23.0065       PROD1          9        9.8011       12.1920       25.9856    1.7137E-05
       154       2895.42       INJ1       13557      174.7520      329.1840       22.4518       PROD1          9       11.3466       12.1920       25.1227    1.7137E-05
       155       2678.61       INJ1       13557      176.7840      329.1840       21.5002       PROD2      27125      353.5680       11.2696       29.8275    1.7137E-05
       156       3267.87       INJ1       13557      178.8160      329.1840       21.9868       PROD2      27123      355.2048       12.1920       24.2462    1.7137E-05
       157       1977.47       INJ1       13557      180.8480      329.1840       23.0556       PROD2      27126      353.5680        8.4560       30.6746    1.7137E-05
       158       1951.98       INJ1       13557      172.7200      341.3760       23.8916       PROD3        930       11.0508      658.3680       34.7527    2.2453E-05
       159       3382.14       INJ1       13557      174.7520      341.3760       22.5456       PROD3        927       12.1920      668.6142       26.3985    2.2453E-05
       160       2732.67       INJ1       13557      176.7840      341.3760       21.6610       PROD4      28046      353.5680      668.4764       38.0781    2.2453E-05
       161       2039.14       INJ1       13557      178.8160      341.3760       23.4257       PROD4      28046      353.5680      669.5768       37.7000    2.2453E-05
       162       1621.35       INJ1       13557      180.8480      341.3760       22.8886       PROD4      28042      353.5680      661.8039       26.0022    2.2453E-05
       163       5920.22       INJ1       13558      170.6880      331.2160       25.7402       PROD3        929        3.7547      658.3680       31.5738    8.8170E-07
       164       4420.80       INJ1       13558      170.6880      333.2480       25.5213       PROD3        928        7.7419      658.3680       30.4145    8.8170E-07
       165       4889.62       INJ1       13558      170.6880      335.2800       24.9891       PROD3        929        4.7938      658.3680       33.0811    8.8170E-07
       166       2719.97       INJ1       13558      170.6880      337.3120       26.7989       PROD3        930       12.1920      659.6807       34.3068    8.8170E-07
       167       1868.37       INJ1       13558      170.6880      339.3440       27.2480       PROD3        930       12.1920      659.1693       33.8499    8.8170E-07
       168       1911.14       INJ1       13558      182.8800      331.2160       26.1659       PROD2      27126      357.4260       12.1920       30.9749    1.4089E-06
       169       4391.53       INJ1       13558      182.8800      333.2480       25.5313       PROD2      27125      362.0115       12.1920       29.0899    1.4089E-06
       170       4461.23       INJ1       13558      182.8800      335.2800       24.9249       PROD2      27126      357.8468       12.1920       31.5261    1.4089E-06
       171       8132.47       INJ1       13558      182.8800      337.3120       26.9525       PROD4      28044      354.1387      658.3680       33.4351    1.4089E-06
       172       5528.25       INJ1       13558      182.8800      339.3440       25.5400       PROD4      28042      353.5680      666.1517       26.6588    1.4089E-06
       173       3194.98       INJ1       13558      172.7200      329.1840       26.4424       PROD1          9        8.0760       12.1920       27.2266    1.5763E-06
       174      17139.97       INJ1       13558      174.7520      329.1840       27.0400       PROD1          9        9.7052       12.1920       24.7795    1.5763E-06
       175       2471.41       INJ1       13558      176.7840      329.1840       25.1345       PROD1          9       11.4517       12.1920       25.5654    1.5763E-06
       176       4089.74       INJ1       13558      178.8160      329.1840       24.8593       PROD2      27125      353.5680        4.4638       30.3888    1.5763E-06
       177       4258.24       INJ1       13558      180.8480      329.1840       27.2130       PROD2      27125      353.5680        8.6410       28.6962    1.5763E-06
       178      27035.05       INJ1       13558      172.7200      341.3760       25.4053       PROD3        929       10.8553      658.3680       32.2519    1.7092E-07
       179      21983.68       INJ1       13558      174.7520      341.3760       25.1995       PROD3        928       12.1920      661.4049       28.2323    1.7092E-07
       180      20125.93       INJ1       13558      176.7840      341.3760       25.5724       PROD3        929       11.3026      658.3680       32.4371    1.7092E-07
       181      20501.98       INJ1       13558      178.8160      341.3760       24.7952       PROD3        927       12.1920      663.9284       26.9667    1.7092E-07
       182      12194.01       INJ1       13558      180.8480      341.3760       25.6127       PROD3        928       12.1920      660.3709       27.5447    1.7092E-07
       183       3171.84       INJ1       13559      170.6880      331.2160       30.2378       PROD3        930        2.2931      658.3680       34.6460    9.2762E-06
       184       2750.80       INJ1       13559      170.6880      333.2480       28.3008       PROD3        930        5.7639      658.3680       34.6908    9.2762E-06
       185       3332.47       INJ1       13559      170.6880      335.2800       30.0675       PROD3        930        8.2840      658.3680       34.4699    9.2762E-06
       186       1848.82       INJ1       13559      170.6880      337.3120       28.2934       PROD3        930        8.4737      658.3680       35.5659    9.2762E-06
       187       1233.67       INJ1       13559      170.6880      339.3440       29.9692       PROD3        930        9.1236      658.3680       36.3866    9.2762E-06
       188       2292.87       INJ1       13559      182.8800      331.2160       28.5639       PROD2      27125      359.1258       12.1920       29.0842    1.4121E-05
       189       1619.95       INJ1       13559      182.8800      333.2480       29.9395       PROD4      28044      355.0038      658.3680       33.0150    1.4121E-05
       190       2218.51       INJ1       13559      182.8800      335.2800       28.3223       PROD4      28042      353.5680      666.9801       26.5883    1.4121E-05
       191       2217.35       INJ1       13559      182.8800      337.3120       27.4601       PROD4      28043      353.5680      666.1039       29.8521    1.4121E-05
       192       2131.11       INJ1       13559      182.8800      339.3440       29.0758       PROD4      28043      353.5680      667.3465       30.4548    1.4121E-05
       193       3867.78       INJ1       13559      172.7200      329.1840       28.9860       PROD1          9        4.3044       12.1920       26.5190    7.2831E-06
       194       2438.09       INJ1       13559      174.7520      329.1840       27.8780       PROD1          9        7.1089       12.1920       26.9248    7.2831E-06
       195       1773.11       INJ1       13559      176.7840      329.1840       29.3134       PROD1          9       12.1920       10.0076       25.2619    7.2831E-06
       196       3696.13       INJ1       13559      178.8160      329.1840       30.0175       PROD1          9       12.1920        5.6761       26.3353    7.2831E-06
       197       2460.53       INJ1       13559      180.8480      329.1840       29.8201       PROD1          9       11.6664       12.1920       25.6342    7.2831E-06
       198       3139.24       INJ1       13559      172.7200      341.3760       28.0273       PROD3        928       12.1920      661.3853       27.5185    1.7677E-05
       199       1098.02       INJ1       13559      174.7520      341.3760       27.9261       PROD3        929       12.1920      660.4405       30.7573    1.7677E-05
       200       1247.06       INJ1       13559      176.7840      341.3760       28.5796       PROD3        929       12.1920      658.9614       31.1733    1.7677E-05
       201       1701.55       INJ1       13559      178.8160      341.3760       28.4398       PROD3        929       12.1920      664.7052       30.8338    1.7677E-05
       202       1965.50       INJ1       13559      180.8480      341.3760       29.1544       PROD3        928       12.1920      668.7352       27.4887    1.7677E-05
       203       1420.94       INJ1       13560      170.6880      331.2160       33.4776       PROD3        930        4.3966      658.3680       35.4345    2.6031E-05
       204       1259.22       INJ1       13560      170.6880      333.2480       31.5729       PROD3        930        7.4810      658.3680       34.1792    2.6031E-05
       205       3096.70       INJ1       13560      170.6880      335.2800       30.6794       PROD3        930        7.4352      658.3680       35.5663    2.6031E-05
       206       2084.48       INJ1       13560      170.6880      337.3120       31.9719       PROD3        930       12.1920      658.4593       36.2419    2.6031E-05
       207       1300.68       INJ1       13560      170.6880      339.3440       30.9461       PROD3        930       11.7870      658.3680       35.6687    2.6031E-05
       208      12638.02       INJ1       13560      182.8800      331.2160       31.4598       PROD2      27129      353.5680       10.0037       39.6362    2.6190E-05
       209       1553.94       INJ1       13560      182.8800      333.2480       30.6483       PROD4      28042      353.5680      662.5747       26.6634    2.6190E-05
       210       1518.14       INJ1       13560      182.8800      335.2800       31.6660       PROD4      28042      356.5107      658.3680       26.9230    2.6190E-05
       211       2452.17       INJ1       13560      182.8800      337.3120       31.6138       PROD4      28042      356.0989      658.3680       27.1289    2.6190E-05
       212       1145.52       INJ1       13560      182.8800      339.3440       32.3240       PROD4      28042      353.5680      665.2699       26.9888    2.6190E-05
       213       3222.13       INJ1       13560      172.7200      329.1840       31.1583       PROD1          9        2.9699       12.1920       26.9615    6.7375E-06
       214       2335.36       INJ1       13560      174.7520      329.1840       33.3442       PROD1         10        4.8371       12.1920       28.9009    6.7375E-06
       215       1735.81       INJ1       13560      176.7840      329.1840       31.3297       PROD1          9       12.1920        9.5675       25.4221    6.7375E-06
       216       1987.76       INJ1       13560      178.8160      329.1840       31.8642       PROD1          9       12.1920       11.8548       25.2404    6.7375E-06
       217       1790.55       INJ1       13560      180.8480      329.1840       33.4518       PROD1          9       12.1920        7.7708       25.0469    6.7375E-06
       218       1286.69       INJ1       13560      172.7200      341.3760       32.0815       PROD3        930       12.1920      663.9542       33.6523    3.3752E-05
       219       1735.15       INJ1       13560      174.7520      341.3760       33.3952       PROD3        930       12.1920      662.2589       34.4126    3.3752E-05
       220        941.41       INJ1       13560      176.7840      341.3760       30.9623       PROD3        929       12.1920      661.8432       31.2112    3.3752E-05
       221       2160.13       INJ1       13560      178.8160      341.3760       32.7668       PROD3        929       12.1920      667.7518       31.2602    3.3752E-05
       222       1882.82       INJ1       13560      180.8480      341.3760       32.3550       PROD3        929       12.1920      669.9639       32.0260    3.3752E-05
       223       1102.37       INJ1       13561      170.6880      331.2160       35.9563       PROD3        931       12.1920      661.4248       36.6585    7.2799E-06
       224        775.28       INJ1       13561      170.6880      333.2480       34.6467       PROD3        930        6.9744      658.3680       36.3534    7.2799E-06
       225        994.57       INJ1       13561      170.6880      335.2800       36.4954       PROD3        933        4.0012      658.3680       43.5643    7.2799E-06
       226       1033.67       INJ1       13561      170.6880      337.3120       35.6532       PROD3        933        3.9709      658.3680       43.2577    7.2799E-06
       227       1352.84       INJ1       13561      170.6880      339.3440       34.7239       PROD3        931       12.1920      661.3644       38.2962    7.2799E-06
       228       3785.30       INJ1       13561      182.8800      331.2160       35.7126       PROD2      27126      353.5680        4.7261       30.9564    6.1213E-06
       229      22453.95       INJ1       13561      182.8800      333.2480       34.7305       PROD2      27126      355.6751       12.1920       31.0164    6.1213E-06
       230       2074.45       INJ1       13561      182.8800      335.2800       35.4733       PROD4      28045      362.6488      658.3680       35.9590    6.1213E-06
       231       1075.38       INJ1       13561      182.8800      337.3120       34.7593       PROD4      28044      356.6383      658.3680       31.1695    6.1213E-06
       232        925.54       INJ1       13561      182.8800      339.3440       35.7933       PROD4      28043      353.5680      661.8225       30.3175    6.1213E-06
       233       1719.42       INJ1       13561      172.7200      329.1840       33.9003       PROD1          9        5.7692       12.1920       26.9497    7.5680E-06
       234       1875.69       INJ1       13561      174.7520      329.1840       34.7279       PROD1          9        9.2575       12.1920       27.2160    7.5680E-06
       235       1771.19       INJ1       13561      176.7840      329.1840       33.8287       PROD1          9       12.1920       11.3024       25.9182    7.5680E-06
       236       1738.20       INJ1       13561      178.8160      329.1840       33.5631       PROD1          9       12.1920        8.9720       24.8116    7.5680E-06
       237       2405.12       INJ1       13561      180.8480      329.1840       35.6822       PROD2      27126      353.5680        5.3581       30.8135    7.5680E-06
       238       1859.33       INJ1       13561      172.7200      341.3760       35.7235       PROD3        931       10.8129      658.3680       39.5464    7.8835E-06
       239       1367.19       INJ1       13561      174.7520      341.3760       35.9131       PROD3        930       12.1920      659.0039       36.4112    7.8835E-06
       240       3612.18       INJ1       13561      176.7840      341.3760       36.4236       PROD3        930       12.1920      662.5764       34.8426    7.8835E-06
       241       1382.67       INJ1       13561      178.8160      341.3760       33.7981       PROD3        929       12.1920      665.3631       31.5900    7.8835E-06
       242       2010.80       INJ1       13561      180.8480      341.3760       35.2491       PROD4      28046      353.5680      667.3472       37.7120    7.8835E-06
       243       3889.67       INJ1       13562      170.6880      331.2160       38.1710       PROD1         13        2.3618       12.1920       36.9979    1.1793E-05
       244       1418.66       INJ1       13562      170.6880      333.2480       37.7951       PROD3        930        4.5837      658.3680       36.4243    1.1793E-05
       245       1202.60       INJ1       13562      170.6880      335.2800       38.6297       PROD3        931        9.2804      658.3680       38.6887    1.1793E-05
       246       1528.68       INJ1       13562      170.6880      337.3120       37.5657       PROD3        930       12.1920      666.0549       34.5718    1.1793E-05
       247       1590.69       INJ1       13562      170.6880      339.3440       38.4760       PROD3        929       12.1920      664.8801       33.1833    1.1793E-05
       248       2223.98       INJ1       13562      182.8800      331.2160       37.1853       PROD2      27126      353.5680        7.9225       31.2429    1.0003E-05
       249       1450.53       INJ1       13562      182.8800      333.2480       39.2484       PROD2      27126      358.5955       12.1920       32.2280    1.0003E-05
       250       2312.08       INJ1       13562      182.8800      335.2800       37.5121       PROD4      28045      362.1054      658.3680       36.1355    1.0003E-05
       251       1423.89       INJ1       13562      182.8800      337.3120       38.4402       PROD4      28043      353.5680      659.0569       30.0546    1.0003E-05
       252       1157.59       INJ1       13562      182.8800      339.3440       36.8747       PROD4      28045      353.5680      665.4327       33.9578    1.0003E-05
       253       1483.33       INJ1       13562      172.7200      329.1840       38.9156       PROD1          9       12.1920        9.6427       27.0759    1.7974E-05
       254       1611.49       INJ1       13562      174.7520      329.1840       37.4681       PROD1          9       10.6035       12.1920       27.3196    1.7974E-05
       255       1972.13       INJ1       13562      176.7840      329.1840       37.6762       PROD1          9       12.1920       11.4960       26.8100    1.7974E-05
       256       3029.43       INJ1       13562      178.8160      329.1840       37.6110       PROD2      27125      353.5680        7.7582       30.2285    1.7974E-05
       257       4109.10       INJ1       13562      180.8480      329.1840       39.3119       PROD2      27126      353.5680        1.1221       31.2433    1.7974E-05
       258       2199.19       INJ1       13562      172.7200      341.3760       36.9100       PROD3        929       12.1920      666.5221       33.3754    9.7282E-06
       259       1663.11       INJ1       13562      174.7520      341.3760       37.9619       PROD3        930       12.1920      667.8726       33.6890    9.7282E-06
       260       1432.94       INJ1       13562      176.7840      341.3760       37.4645       PROD3        929       12.1920      666.3660       31.7382    9.7282E-06
       261       1661.87       INJ1       13562      178.8160      341.3760       38.4325       PROD3        930       12.1920      669.1042       35.6390    9.7282E-06
       262       1887.11       INJ1       13562      180.8480      341.3760       36.8706       PROD3        929       12.1920      668.9401       32.3975    9.7282E-06
       263       3489.57       INJ1       13563      170.6880      331.2160       40.3361       PROD1         13        1.2908       12.1920       38.7151    8.5306E-05
       264       1824.57       INJ1       13563      170.6880      333.2480       39.8351       PROD3        931        9.6120      658.3680       37.7554    8.5306E-05
       265       2510.19       INJ1       13563      170.6880      335.2800       42.5224       PROD1         15        5.5543       12.1920       44.4379    8.5306E-05
       266       3560.42       INJ1       13563      170.6880      337.3120       40.6314       PROD3        931        2.2424      658.3680       37.4950    8.5306E-05
       267       1835.63       INJ1       13563      170.6880      339.3440       41.7539       PROD3        933       11.1147      658.3680       42.7789    8.5306E-05
       268       2679.92       INJ1       13563      182.8800      330.4032       39.6469       PROD2      27126      353.5680        8.7804       31.8535    9.6781E-05
       269       5334.28       INJ1       13563      182.8800      331.6224       42.6407       PROD2      27129      353.5680       10.2358       41.3606    9.6781E-05
       270       1665.34       INJ1       13563      182.8800      332.8416       41.8170       PROD4      28046      362.6992      658.3680       38.2670    9.6781E-05
       271       1945.63       INJ1       13563      182.8800      334.0608       39.9301       PROD4      28043      360.2809      658.3680       29.7157    9.6781E-05
       272        954.91       INJ1       13563      182.8800      335.2800       42.0590       PROD4      28047      359.3126      658.3680       40.3151    9.6781E-05
       273       1102.72       INJ1       13563      182.8800      336.4992       42.0462       PROD4      28046      358.6593      658.3680       39.3472    9.6781E-05
       274       1029.16       INJ1       13563      182.8800      337.7184       42.6348       PROD4      28047      354.2504      658.3680       41.5082    9.6781E-05
       275        666.51       INJ1       13563      182.8800      338.9376       42.0659       PROD4      28046      356.4163      658.3680       38.5432    9.6781E-05
       276        467.86       INJ1       13563      182.8800      340.1568       41.1904       PROD4      28046      353.5680      658.8400       38.2364    9.6781E-05
       277       1860.11       INJ1       13563      172.7200      329.1840       41.9354       PROD1         11       12.1920        7.8069       32.9409    9.0307E-05
       278       2307.43       INJ1       13563      174.7520      329.1840       42.1748       PROD1         10       12.1920        6.3364       29.8826    9.0307E-05
       279       5620.88       INJ1       13563      176.7840      329.1840       40.5125       PROD2      27126      353.5680        1.7436       33.5228    9.0307E-05
       280       2600.90       INJ1       13563      178.8160      329.1840       39.9032       PROD2      27126      353.5680        3.6464       32.1416    9.0307E-05
       281       2290.27       INJ1       13563      180.8480      329.1840       41.5883       PROD2      27126      353.5680       12.0855       33.2718    9.0307E-05
       282      75448.85       INJ1       13563      172.7200      341.3760       42.0593       PROD3        933       12.1920      670.0936       42.6847    8.4601E-05
       283       1649.43       INJ1       13563      174.7520      341.3760       40.0998       PROD3        930       12.1920      668.3249       34.5326    8.4601E-05
       284       1115.53       INJ1       13563      176.7840      341.3760       41.9909       PROD4      28047      353.5680      664.8502       41.4118    8.4601E-05
       285       2098.51       INJ1       13563      178.8160      341.3760       40.2538       PROD4      28045      353.5680      667.6094       36.1179    8.4601E-05
       286        753.54       INJ1       13563      180.8480      341.3760       42.0148       PROD4      28046      353.5680      664.9221       38.5718    8.4601E-05
       287       1711.22       INJ1       13564      170.6880      331.2160       42.8774       PROD1         13       12.1920        9.3478       39.1935    2.2073E-05
       288       2085.86       INJ1       13564      170.6880      333.2480       43.6259       PROD1         14        9.6188       12.1920       41.5063    2.2073E-05
       289       1377.89       INJ1       13564      170.6880      335.2800       45.4427       PROD3        935        3.1134      658.3680       49.9112    2.2073E-05
       290       1632.88       INJ1       13564      170.6880      337.3120       42.9091       PROD3        935        1.9846      658.3680       49.7421    2.2073E-05
       291        733.19       INJ1       13564      170.6880      339.3440       42.9989       PROD3        933        9.1158      658.3680       45.3757    2.2073E-05
       292       3362.46       INJ1       13564      182.8800      331.2160       44.4392       PROD2      27126      360.8726       12.1920       33.3639    2.4710E-05
       293       1001.87       INJ1       13564      182.8800      333.2480       45.0134       PROD4      28048      361.4324      658.3680       43.5437    2.4710E-05
       294        842.53       INJ1       13564      182.8800      335.2800       43.7992       PROD4      28048      359.8204      658.3680       43.0073    2.4710E-05
       295        865.13       INJ1       13564      182.8800      337.3120       43.6336       PROD4      28047      354.2788      658.3680       41.5595    2.4710E-05
       296        963.73       INJ1       13564      182.8800      339.3440       45.1636       PROD4      28048      353.5680      660.2630       43.9400    2.4710E-05
       297       1807.48       INJ1       13564      172.7200      329.1840       44.0978       PROD1         10       12.1920        9.8650       29.4031    2.6391E-05
       298       1238.09       INJ1       13564      174.7520      329.1840       42.7668       PROD1         11       12.1920        5.5453       31.2979    2.6391E-05
       299       1476.29       INJ1       13564      176.7840      329.1840       45.5789       PROD2      27132      353.5680        1.7761       50.2017    2.6391E-05
       300       3786.22       INJ1       13564      178.8160      329.1840       43.2553       PROD2      27127      353.5680        4.0472       33.5574    2.6391E-05
       301       2314.28       INJ1       13564      180.8480      329.1840       42.9124       PROD2      27126      353.5680        7.1097       32.9505    2.6391E-05
       302       1557.79       INJ1       13564      172.7200      341.3760       43.1886       PROD3        933       12.1920      665.2448       43.0899    2.5367E-05
       303       1385.30       INJ1       13564      174.7520      341.3760       43.8300       PROD3        933       12.1920      667.6194       43.3896    2.5367E-05
       304       1914.35       INJ1       13564      176.7840      341.3760       44.4362       PROD3        933       12.1920      669.3850       45.3045    2.5367E-05
       305       2619.30       INJ1       13564      178.8160      341.3760       45.1402       PROD4      28048      353.5680      670.1885       45.1245    2.5367E-05
       306       1344.48       INJ1       13564      180.8480      341.3760       45.0579       PROD4      28048      353.5680      665.4426       44.5906    2.5367E-05
       307       2281.45       INJ1       13565      170.6880      331.2160       46.9721       PROD1         15        8.8530       12.1920       44.5465    2.9489E-05
       308       2103.31       INJ1       13565      170.6880      333.2480       46.6440       PROD1         15        2.6776       12.1920       44.2210    2.9489E-05
       309       1200.52       INJ1       13565      170.6880      335.2800       47.7464       PROD3        935        5.0973      658.3680       49.1346    2.9489E-05
       310        817.75       INJ1       13565      170.6880      337.3120       47.8565       PROD3        933        7.5186      658.3680       44.2940    2.9489E-05
       311       1314.58       INJ1       13565      170.6880      339.3440       47.6447       PROD3        934        1.2895      658.3680       46.0502    2.9489E-05
       312       2651.80       INJ1       13565      182.8800      331.2160       45.7294       PROD4      28048      365.0855      658.3680       43.1449    2.6934E-05
       313       1267.82       INJ1       13565      182.8800      333.2480       46.0746       PROD4      28048      363.3036      658.3680       45.3184    2.6934E-05
       314       1006.39       INJ1       13565      182.8800      335.2800       48.0590       PROD4      28048      358.8871      658.3680       43.3091    2.6934E-05
       315        888.71       INJ1       13565      182.8800      337.3120       46.9677       PROD4      28048      355.7914      658.3680       42.9802    2.6934E-05
       316        995.67       INJ1       13565      182.8800      339.3440       48.1538       PROD4      28048      355.0630      658.3680       44.3189    2.6934E-05
       317       1117.50       INJ1       13565      172.7200      329.1840       47.6142       PROD1         14       12.1920        7.1195       42.2427    4.1745E-05
       318       1218.53       INJ1       13565      174.7520      329.1840       46.4681       PROD1         15       12.1920        1.9993       42.9643    4.1745E-05
       319       2741.91       INJ1       13565      176.7840      329.1840       46.6812       PROD1         10       12.1920        0.8061       30.0140    4.1745E-05
       320       2590.76       INJ1       13565      178.8160      329.1840       47.9995       PROD1         11       12.1920        0.9583       31.8853    4.1745E-05
       321       1600.76       INJ1       13565      180.8480      329.1840       47.8115       PROD2      27132      353.5680        8.0543       50.6831    4.1745E-05
       322        803.89       INJ1       13565      172.7200      341.3760       48.3770       PROD3        935       12.1920      662.0139       48.9969    1.6155E-05
       323       1025.69       INJ1       13565      174.7520      341.3760       47.6205       PROD3        933       12.1920      660.6427       45.3477    1.6155E-05
       324       1874.82       INJ1       13565      176.7840      341.3760       48.4381       PROD3        933       12.1920      664.8804       43.4859    1.6155E-05
       325       1553.86       INJ1       13565      178.8160      341.3760       46.7384       PROD3        933       12.1920      667.0373       44.9819    1.6155E-05
       326       1872.69       INJ1       13565      180.8480      341.3760       46.0208       PROD4      28047      353.5680      667.3436       41.8805    1.6155E-05
       327       2507.85       INJ1       13566      170.6880      331.2160       49.7444       PROD1         15        1.9687       12.1920       45.1079    1.8590E-05
       328       2480.51       INJ1       13566      170.6880      333.2480       51.4226       PROD3        935        0.4908      658.3680       51.1343    1.8590E-05
       329       1766.64       INJ1       13566      170.6880      335.2800       49.9748       PROD3        935        1.2400      658.3680       50.1536    1.8590E-05
       330       1216.52       INJ1       13566      170.6880      337.3120       50.8582       PROD3        935        5.3169      658.3680       51.0989    1.8590E-05
       331        866.93       INJ1       13566      170.6880      339.3440       49.4107       PROD3        935        6.6824      658.3680       50.0812    1.8590E-05
       332       2055.75       INJ1       13566      182.8800      331.2160       49.4686       PROD2      27132      353.5680       12.0353       49.5332    7.7907E-05
       333       5516.13       INJ1       13566      182.8800      333.2480       51.2307       PROD4      28048      365.1931      658.3680       43.9326    7.7907E-05
       334       5336.31       INJ1       13566      182.8800      335.2800       51.1244       PROD4      28049      364.7227      658.3680       48.5527    7.7907E-05
       335        971.68       INJ1       13566      182.8800      337.3120       50.4516       PROD4      28048      357.1471      658.3680       44.6028    7.7907E-05
       336       2657.52       INJ1       13566      182.8800      339.3440       49.8723       PROD4      28048      353.5680      661.7734       45.0924    7.7907E-05
       337       2703.10       INJ1       13566      172.7200      329.1840       50.4478       PROD1         15       12.1920        8.6103       43.9639    6.2977E-05
       338       3259.15       INJ1       13566      174.7520      329.1840       51.5087       PROD2      27132      353.5680        0.6419       51.0230    6.2977E-05
       339       1526.19       INJ1       13566      176.7840      329.1840       51.8145       PROD2      27132      353.5680        7.6617       51.8176    6.2977E-05
       340       1206.97       INJ1       13566      178.8160      329.1840       50.7868       PROD2      27132      355.4473       12.1920       50.8297    6.2977E-05
       341       1425.86       INJ1       13566      180.8480      329.1840       49.2345       PROD2      27132      353.5680        9.2566       49.6257    6.2977E-05
       342        850.24       INJ1       13566      172.7200      341.3760       50.8149       PROD3        935       12.1920      663.1919       50.2834    5.7758E-05
       343       1039.55       INJ1       13566      174.7520      341.3760       50.7606       PROD3        934       12.1920      665.8901       47.5192    5.7758E-05
       344       1322.59       INJ1       13566      176.7840      341.3760       51.1406       PROD3        935       12.1920      668.6465       50.5790    5.7758E-05
       345       1299.52       INJ1       13566      178.8160      341.3760       50.4735       PROD4      28048      353.5680      668.8882       43.4116    5.7758E-05
       346       1248.25       INJ1       13566      180.8480      341.3760       51.2341       PROD4      28048      353.5680      668.6035       45.6432    5.7758E-05